{
 "cells": [
  {
   "cell_type": "markdown",
   "id": "66c91d93-14ad-4ce8-b3da-454c16e66889",
   "metadata": {},
   "source": [
    "# Hidden Markov Models"
   ]
  },
  {
   "cell_type": "markdown",
   "id": "f63b1938-daaf-483d-b86c-9bb60361ce91",
   "metadata": {},
   "source": [
    "In this homework assignment you will train and evaluate a toy speech recognizer that can recognize 'yes' and 'no'.  As we move into the latter half of the course, note that the assignments will have less and less hand holding.  The goal is for you to become more and more independent, so that you are ready to work independently on the final project.  This assignment should be done in pairs and only one submission needs to be submitted on Gradescope for each team.  In your submission, you should create a single .zip file that contains your jupyter notebook, audio data, annotation data, and generated prediction files."
   ]
  },
  {
   "cell_type": "markdown",
   "id": "03b40e47-d050-46db-9870-84796af00cca",
   "metadata": {},
   "source": [
    "Please indicate the team member names here: ________________________\n",
    "\n",
    "How many hours you each spent on this assignment: _________ (partner 1), __________ (partner 2)"
   ]
  },
  {
   "cell_type": "markdown",
   "id": "9cc250c8-be3d-4ee3-903b-041c64d7c14c",
   "metadata": {},
   "source": [
    "This assignment will be broken down into 5 main sections:\n",
    "1. Collect data & annotate (10 points)\n",
    "2. Train model using manual annotations (20 points)\n",
    "3. Perform inference on test data (20 points)\n",
    "4. Infer strong labels on weakly labeled data (20 points)\n",
    "5. Retrain model and evaluate on test data (20 points)\n",
    "\n",
    "An additional 10 points will be based on how well organized, commented, and readable your code is."
   ]
  },
  {
   "cell_type": "code",
   "execution_count": 71,
   "id": "9425c12a-9696-4f63-9996-03e072b246c4",
   "metadata": {},
   "outputs": [],
   "source": [
    "%matplotlib inline"
   ]
  },
  {
   "cell_type": "code",
   "execution_count": 72,
   "id": "d910fbfc-a073-42b9-8033-d1c85751e587",
   "metadata": {},
   "outputs": [],
   "source": [
    "import numpy as np\n",
    "np.seterr(divide='ignore')\n",
    "import matplotlib.pyplot as plt\n",
    "import librosa as lb\n",
    "from pathlib import Path\n",
    "from scipy.stats import multivariate_normal"
   ]
  },
  {
   "cell_type": "markdown",
   "id": "d9765be7-739d-428d-96fc-55c0dfb2141d",
   "metadata": {},
   "source": [
    "### Part 1: Data Collection & Annotation"
   ]
  },
  {
   "cell_type": "markdown",
   "id": "ed578749-e858-439f-842b-76e4a212bcfa",
   "metadata": {},
   "source": [
    "For the data collection, you will record 10 audio clips:\n",
    "- Training data: 5 recordings.  Five of the audio recordings will be for training.  For these recordings, you should say a random sequence of ten yes's or no's.  For example, one recording might be 'yes no yes yes no no yes yes yes no'.  The recordings do not all have to have the same sequence of yes's and no's.  When recording your speaking, please include a variable-length silence in between each word.\n",
    "- Test data: 5 recordings.  Five of the audio recordings will be for testing.  For these recordings, you should say a variable-length sequence of yes's and no's.  For example, one recording might be 'yes no' and another might be 'no yes yes no no yes no yes'.  Use a variety of different lengths in your sentences.  Again, please include silence in between each word.\n",
    "\n",
    "All audio recordings should be done by a single person on a single device in the same environment (e.g. recorded on a cell phone in your dorm room)."
   ]
  },
  {
   "cell_type": "markdown",
   "id": "ae778194-a306-4238-9fd7-6d3bae3aa69e",
   "metadata": {},
   "source": [
    "Once you have recorded the audio, convert them to a format that librosa can read (e.g. wav or mp3) and put them in a folder entitled 'audio/'.  Name the files train1.mp3, train2.mp3, test1.mp3, test2.mp3, etc."
   ]
  },
  {
   "cell_type": "code",
   "execution_count": 73,
   "id": "fed767da-aa15-4f43-b3d7-775fa962a6dc",
   "metadata": {},
   "outputs": [],
   "source": [
    "AUDIO_DIR = Path('audio') \n",
    "ext = '.mp3' # audio format"
   ]
  },
  {
   "cell_type": "code",
   "execution_count": 74,
   "id": "049c2678-6dcb-4c8b-b5a5-c1f21b5dc6b1",
   "metadata": {},
   "outputs": [],
   "source": [
    "def verifyAudioData(indir, file_ext):\n",
    "    # verifies that all the needed audio files are present\n",
    "\n",
    "    # check train files\n",
    "    for i in range(5):\n",
    "        curfile = Path(AUDIO_DIR, f'train{i+1}').with_suffix(ext)\n",
    "        assert curfile.is_file(), f'Missing training file {curfile}'\n",
    "\n",
    "    # check test files\n",
    "    for i in range(5):\n",
    "        curfile = Path(AUDIO_DIR, f'test{i+1}').with_suffix(ext)\n",
    "        assert curfile.is_file(), f'Missing test file {curfile}'\n",
    "\n",
    "    print('All required audio data files are present!')\n",
    "    \n",
    "    return"
   ]
  },
  {
   "cell_type": "code",
   "execution_count": 75,
   "id": "c0c46e3d-6dfb-4ab8-9fa2-be1d7d52a2c5",
   "metadata": {},
   "outputs": [
    {
     "name": "stdout",
     "output_type": "stream",
     "text": [
      "All required audio data files are present!\n"
     ]
    }
   ],
   "source": [
    "verifyAudioData(AUDIO_DIR, ext)"
   ]
  },
  {
   "cell_type": "markdown",
   "id": "0016d33b-d4b8-48ae-a7fd-bd3cad703856",
   "metadata": {},
   "source": [
    "Next you will create two different kinds of annotations: weak labels and strong labels.  \n",
    "\n",
    "**Weak labels**.  Create two annotation files for the weak labels.  The file train.transcription should look like:\n",
    "\n",
    "train1.mp3|yes no no yes no yes no no yes no\\\n",
    "train2.mp3|no yes yes yes no no yes no yes no\\\n",
    "...\\\n",
    "train5.mp3|yes no yes yes no no no yes no yes\n",
    "\n",
    "The file test.transcription should look like:\n",
    "\n",
    "test1.mp3|yes no\\\n",
    "test2.mp3|no yes yes no yes\\\n",
    "...\\\n",
    "test5.mp3|yes no yes no no yes no yes yes yes\n",
    "\n",
    "**Strong labels**.  Create one annotation file for train1.mp3 (only) containing strong labels.  The file train1.labels should be in the following format:\n",
    "\n",
    "0.00 1.37 sil\\\n",
    "1.37 2.60 yes\\\n",
    "2.60 5.20 sil\\\n",
    "5.20 6.30 no\\\n",
    "6.30 8.10 sil\\\n",
    "...\\\n",
    "12.30 13.25 yes\\\n",
    "13.25 15.90 sil\n",
    "\n",
    "For annotating timestamps, I recommend that you use Audacity.  Note that we are only annotating one file with strong labels because this process is time-consuming!"
   ]
  },
  {
   "cell_type": "code",
   "execution_count": 76,
   "id": "813bb75f-fdb0-447b-85bc-3393e0a054c9",
   "metadata": {},
   "outputs": [],
   "source": [
    "ANNOT_DIR = Path('annot')\n",
    "train_transcripts = Path(ANNOT_DIR, 'train.transcription')\n",
    "test_transcripts = Path(ANNOT_DIR, 'test.transcription')\n",
    "train1_labels = Path(ANNOT_DIR, 'train1.labels')"
   ]
  },
  {
   "cell_type": "code",
   "execution_count": 77,
   "id": "ef09f187-6a0c-4506-a9ec-facf5d8635cc",
   "metadata": {},
   "outputs": [],
   "source": [
    "def verifyAnnotations():\n",
    "    # verifies that all of the needed annotation files are present\n",
    "\n",
    "    assert train_transcripts.is_file(), f'Missing transcription file {train_transcripts}'    \n",
    "    assert test_transcripts.is_file(), f'Missing transcription file {test_transcripts}'    \n",
    "    assert train1_labels.is_file(), f'Missing label file {train1_labels}'\n",
    "    print('All required annotation files are present!')\n",
    "    \n",
    "    return"
   ]
  },
  {
   "cell_type": "code",
   "execution_count": 78,
   "id": "7f22c507-7922-469b-b036-cdb0a95150af",
   "metadata": {},
   "outputs": [
    {
     "name": "stdout",
     "output_type": "stream",
     "text": [
      "All required annotation files are present!\n"
     ]
    }
   ],
   "source": [
    "verifyAnnotations()"
   ]
  },
  {
   "cell_type": "markdown",
   "id": "5278ab12-bfc3-4993-a273-b6b59f1685f4",
   "metadata": {},
   "source": [
    "Using the above format for your label file, you should be able to visualize your labels alongside the audio in Audacity by selecting File --> Import --> Labels.  An example is shown below.  This type of visualization will be useful in evaluating how accurate your alignments and predictions are.\n",
    "\n",
    "![Snapshot](labels_snapshot.png)"
   ]
  },
  {
   "cell_type": "markdown",
   "id": "f4f24f13-4548-4334-b418-cb79c487f057",
   "metadata": {},
   "source": [
    "**Graded**: Please include a similar visualization of your data below.  Make sure you include your image file in your submission!\n",
    "\n",
    "\\[INCLUDE VISUALIZATION HERE\\]\n",
    "![Snapshot](test1image.PNG)"
   ]
  },
  {
   "cell_type": "markdown",
   "id": "f4db47ae-02e7-4c6f-9dd4-f184ae4f0712",
   "metadata": {},
   "source": [
    "### Part 2: Model Training"
   ]
  },
  {
   "cell_type": "markdown",
   "id": "0b38409a-c5cd-4b2e-8208-d7d2d0f9e686",
   "metadata": {},
   "source": [
    "In this part, you will train an HMM model based (only) on the label file for train1.mp3.  You must complete the implementations of the functions below.  No unit tests will be provided, though, so make sure to check your own work and verify that they are what you expect!"
   ]
  },
  {
   "cell_type": "markdown",
   "id": "0ce6c0f1-7346-473c-ba02-c2ca7d8e0008",
   "metadata": {},
   "source": [
    "The function below extracts a feature called mel frequency cepstral coefficients.  Unlike chroma features, which focus on pitch (i.e. fine spectral structure), MFCCs focus on timbre (i.e. rough spectral structure) and are helpful for recognizing speech or distinguishing between different instruments.  You may use the librosa function [librosa.feature.mfcc](https://librosa.org/doc/latest/generated/librosa.feature.mfcc.html) with default arguments."
   ]
  },
  {
   "cell_type": "code",
   "execution_count": 79,
   "id": "094891c1-7dfa-4f7e-9ef9-270fa9762f34",
   "metadata": {},
   "outputs": [],
   "source": [
    "def computeFeatures(audiofile):\n",
    "    \"\"\"\n",
    "    This function extracts mel frequency cepstral coefficients (MFCCs) from a given audio file.\n",
    "        \n",
    "    Inputs\n",
    "        - audiofile: filepath to the audio recording that you want to extract MFCC features from\n",
    "        \n",
    "    Outputs\n",
    "        - O: an F x N array containing MFCC features, where F corresponds to different features and \n",
    "             N corresponds to different audio frames\n",
    "        - hop: the hop size (in seconds) between adjacent frames\n",
    "    \"\"\"\n",
    "\n",
    "    ### INSERT CODE BELOW ###\n",
    "    winsize=1024                    # window size   [samples]\n",
    "    hop_samples=int(winsize//4)     # hop size      [samples]\n",
    "    y, sr = lb.load(audiofile)      # unpack data and sample rate from audiofile\n",
    "    hop_seconds = hop_samples / sr  # hop size      [seconds]\n",
    "    O = lb.feature.mfcc(y=y, win_length = winsize, hop_length = hop_samples ,sr=sr) # compute mfcc features\n",
    "    return (O, hop_seconds)         # return mfcc features and hop size [seconds]"
   ]
  },
  {
   "cell_type": "markdown",
   "id": "b71433ef-357f-4228-bdb9-6fb415630c4c",
   "metadata": {},
   "source": [
    "The function below constructs a mapping between the states and their numeric identifiers.  For ease of grading, please use the following mapping:\n",
    "- sil -> 0\n",
    "- Y -> 1\n",
    "- EH -> 2\n",
    "- S -> 3\n",
    "- N -> 4\n",
    "- OH -> 5"
   ]
  },
  {
   "cell_type": "code",
   "execution_count": 80,
   "id": "5465e689-ae52-47dc-9421-15d7bb9e0ff5",
   "metadata": {},
   "outputs": [],
   "source": [
    "def getStateMapping():\n",
    "    \"\"\"\n",
    "    Returns a mapping between the string and numeric representations of the six different states.\n",
    "    \n",
    "    Outputs\n",
    "      - states: a list that contains the states (in order).  This allows you to map from the numeric identifier\n",
    "        to the string representation (e.g. states[3])\n",
    "      - stateStr2id: a dict that maps from the state string representation to its numeric identifier (e.g. stateStr2id['EH'])\n",
    "    \"\"\"\n",
    "    ### INSERT CODE BELOW ###\n",
    "    #raise NotImplementedError\n",
    "    states=[\"sil\",\"Y\",\"EH\",\"S\",\"N\",\"OH\"]\n",
    "    stateStr2id ={\n",
    "        \"sil\":0,\n",
    "        \"Y\":1,\n",
    "        \"EH\":2,\n",
    "        \"S\":3,\n",
    "        \"N\":4,\n",
    "        \"OH\":5     \n",
    "    }\n",
    "    \n",
    "    return (states, stateStr2id)"
   ]
  },
  {
   "cell_type": "markdown",
   "id": "c30d7fb0-4d62-4305-ac97-eac632a063b1",
   "metadata": {},
   "source": [
    "The function below converts a .labels file into a sequence of states per frame.  You may assume that states in a word have equal duration (e.g. if the word 'yes' lasts 1.2 seconds, you can assume that 'Y', 'EH', and 'S' each have duration 0.4 sec)."
   ]
  },
  {
   "cell_type": "code",
   "execution_count": 81,
   "id": "d241dae0-d815-4059-8314-26b31e6f2305",
   "metadata": {},
   "outputs": [],
   "source": [
    "def getStatesFromLabelFile(labelfile, hopsize, str2id):\n",
    "    \"\"\"\n",
    "    Reads in a label file and returns a sequence of states for each audio frame.  For any given word, it assumes\n",
    "    that the constituent states all have equal duration.  For example, if the word 'yes' lasts 1.2 seconds, the constituent\n",
    "    states 'Y', 'EH', and 'S' are assumed to each have duration 0.4 seconds.\n",
    "    \n",
    "    Inputs\n",
    "      - labelfile: filepath to the .labels or .forcealign file \n",
    "      - hopsize: the hop size in seconds between adjacent audio frames\n",
    "      - str2id: dict that maps from the state's string representation to its numeric representation\n",
    "\n",
    "    Outputs\n",
    "      - S: list containing the sequence of numeric states for each audio frame\n",
    "    \"\"\"\n",
    "    ### INSERT CODE BELOW ###\n",
    "    f = open(labelfile)\n",
    "    lines = f.readlines()\n",
    "    \n",
    "    lastLine = lines[-1].split('\\t') # extract the end time of the last label to determine the length of S\n",
    "    endtime = float(lastLine[1])\n",
    "\n",
    "    S = np.zeros(int(endtime//hopsize))\n",
    "\n",
    "    states = [\"sil\", \"Y\", \"EH\", \"S\", \"N\", \"OH\"]\n",
    "\n",
    "    for i in range(len(lines)):\n",
    "        line = lines[i].split('\\t')   # split the label into [start time, end time, label identifier]\n",
    "        t1 = float(line[0])            # extract start time (convert from string to float)\n",
    "        t2 = float(line[1])            # extract end time\n",
    "        dur = t2 - t1                   # compute duration of label \n",
    "        ind = np.zeros(4)\n",
    "        label = line[2]\n",
    "        \n",
    "\n",
    "        if 'sil' in label:           # check if 'sil' is in the label rather than checking equality to deal with inconsistent newline characters\n",
    "            for i in range(2):  # generate beginning and end indices bc only one silent state\n",
    "                ind[i] = int((t1 + i*dur) // hopsize)\n",
    "            S[int(ind[0]): int(ind[1])] = str2id[states[0]]\n",
    "\n",
    "        elif 'yes' in label:\n",
    "            for i in range(4):  # generate equally spaced indices to separate 3 'yes' states\n",
    "                ind[i] = int((t1 + i/3*dur) // hopsize)\n",
    "            for i in range(3):  # assign states to S matrix\n",
    "                S[int(ind[i]): int(ind[i+1])] = str2id[states[1+i]]\n",
    "\n",
    "        elif 'no' in label:\n",
    "            for i in range(3):  # generate equally spaced indices to separate 2 'no' states\n",
    "                ind[i] = int((t1 + i/2*dur) // hopsize)\n",
    "            for i in range(2):  # assign states to S matrix\n",
    "                S[int(ind[i]): int(ind[i+1])] = str2id[states[i+4]] \n",
    "    \n",
    "    return S"
   ]
  },
  {
   "cell_type": "code",
   "execution_count": 82,
   "id": "288f5d4c",
   "metadata": {},
   "outputs": [],
   "source": [
    "file= \"annot/train1.labels\"\n",
    "hop = 0.1\n",
    "states, str2id = getStateMapping()\n",
    "S = getStatesFromLabelFile(labelfile = file, hopsize = hop, str2id = str2id)"
   ]
  },
  {
   "cell_type": "markdown",
   "id": "9d1890cf-f95d-49de-8e15-820fa48f697d",
   "metadata": {},
   "source": [
    "This is a good place to verify that your functions are producing correct outputs:"
   ]
  },
  {
   "cell_type": "code",
   "execution_count": 83,
   "id": "a36f2442",
   "metadata": {},
   "outputs": [],
   "source": [
    "O, hop = computeFeatures(Path(AUDIO_DIR, 'train1.mp3'))\n",
    "states, stateStr2id = getStateMapping()\n",
    "S = getStatesFromLabelFile(train1_labels, hop, stateStr2id)"
   ]
  },
  {
   "cell_type": "markdown",
   "id": "7fa87234-985b-4d77-82cc-7d2f53b31dac",
   "metadata": {},
   "source": [
    "The function below trains an HMM given a list of observations (i.e. MFCC feature matrices) and corresponding states.  A few helpful tips:\n",
    "- In this part of the assignment, you will only train the model on the train1.mp3 example, but your function below should be able to handle multiple training examples so that you can reuse this function in part 5.\n",
    "- You may assume that recordings always begin in the silent state.\n",
    "- You should assume that the emission probability model is a multivariate Gaussian model.\n",
    "- You should decompose this function and define other sub-functions as needed to keep your code neat and organized."
   ]
  },
  {
   "cell_type": "code",
   "execution_count": 87,
   "id": "9b7711d0-d3d2-4857-b4ce-a207d041af51",
   "metadata": {},
   "outputs": [
    {
     "data": {
      "text/plain": [
       "'\\ndef generateCovariances(O_list,states,means,state_count):\\n  state_names,stateStr2id=getStateMapping(states)\\n  obs_size=np.shape(O_list)[1]\\n  #state_count =countNumStates(S_list,states) #keeps count of how many times a state appears\\n  variances = np.zeros((len(states),obs_size,obs_size))#variances for each state\\n\\n  \\n\\n  for i in range(len(states)):\\n    dif_vector = O_list-means[i] #subtract the average observation of state i from all of the observations over time\\n    variances[i,:,:]=(1/(state_count[i]-1))*np.sum(dif_vector@dif_vector.T)\\n\\n  return variances\\n'"
      ]
     },
     "execution_count": 87,
     "metadata": {},
     "output_type": "execute_result"
    }
   ],
   "source": [
    "def trainHMM(O_list, S_list, states):\n",
    "    \"\"\"\n",
    "    Trains an HMM given a list of observations and corresponding states.  The HMM assumes a multivariate Gaussian\n",
    "    emission probability model.\n",
    "\n",
    "    Inputs\n",
    "      - O_list: a list of matrices, where each matrix contains the MFCC coefficients for a single training recording\n",
    "      - S_list: a list of arrays, where each array specifies the states in each audio frame for a single training recording\n",
    "      - states: a list specifying the states in their string representation\n",
    "\n",
    "    Outputs\n",
    "      - A: the state transition probability matrix\n",
    "      - pi: the distribution of the initial state\n",
    "      - means: a matrix where each row specifies the mean of the distribution for a single state\n",
    "      - covars: a 3D tensor where the first index specifies a state, and the remaining two indices specify the covariance \n",
    "        matrix for the state's distribution\n",
    "    \"\"\"\n",
    "    ### INSERT CODE BELOW ###\n",
    "\n",
    "    \"\"\"\n",
    "    Note:\n",
    "    Phases of function:\n",
    "      1. determine A matrix by going through the entire list of states. Index aij will be # of times there is a state transition from i to j / total number of transitions from i to another state\n",
    "      2. Determine initial pi by perhaps averaging probabilities over all states, or simply choosing an initial probability\n",
    "      3. Generate list of means: where mu_i corresponds to the average of all observations for state i\n",
    "      4. From the means, generate covariance matrices for all i states\n",
    "\n",
    "    \"\"\"\n",
    "\n",
    "    #TODO O list is a list of observations for multiple recordings. Need to update function to reflect that.\n",
    "    state_names,mapping=getStateMapping()\n",
    "    num_records=len(O_list) #number of records\n",
    "    observation_size=np.shape(O_list)[1]\n",
    "\n",
    "    num_states=len(states)\n",
    "    A_sum = np.zeros((num_states,num_states)) \n",
    "    A = np.zeros((num_states,num_states)) \n",
    "    observations_sum = np.zeros((num_states,observation_size)) #summed observation for each state\n",
    "    total_state_count_list=np.zeros(num_states) #total number of times a state appears for all recordings\n",
    "    means=np.zeros((num_states,observation_size)) #mean of observations across all recordings\n",
    "    covars=np.zeros((num_records,observation_size,observation_size)) #covariance matrices for all recordings\n",
    "\n",
    "    #looping through all recordings \n",
    "    for i in range(num_records):\n",
    "      S_record=S_list[i]\n",
    "      O_record=O_list[i]\n",
    "      A=A[i]+countTransitions(S_record,states) #Sum up all the precursor A matrices to compute values for all recordings\n",
    "      state_count_list=countNumStates(S_record, states) #list containing the number of time a state appears for this file\n",
    "\n",
    "      total_state_count_list=total_state_count_list+state_count_list# add this to the count of number of times state appears for all files\n",
    "      observations_sum=observations_sum+countObservations(O_record,S_record,states) #sum up all the observations to compute the average later\n",
    "\n",
    "\n",
    "\n",
    "    #computing the A matrix for all recordings\n",
    "    transitions_sum = np.einsum(\"ij->i\",A) #each element is the total number of transitions from each state index i\n",
    "    for i in range(len(transitions_sum)):\n",
    "      A[i,:]=A[i,:]/transitions_sum[i] #now divide by the total number of transitions\n",
    "\n",
    "    #computing average observation and covariances\n",
    "    for i in range(num_states):\n",
    "      means[i,:]=observations_sum[i,:]/total_state_count_list[i] \n",
    "      for j in range(num_records):\n",
    "        O_record=O_list[j]\n",
    "\n",
    "        \"\"\"\n",
    "        print(\"orec shape\",np.shape(O_record))\n",
    "        print(\"means shape\",np.shape(means))\n",
    "\n",
    "        print(\"O_record[:,0]\",O_record[:,0])\n",
    "        print(\"means[i,:]]\",means[i,:])\n",
    "        \"\"\"\n",
    "        dif_vec=np.array([O_record[:,k]-means[i,:] for k in range(np.shape(O_record)[1]) ]).T\n",
    "\n",
    "        #print(\"dif_vec shape\",np.shape(dif_vec))\n",
    "        \n",
    "        '''\n",
    "        print(\"dif_vec[:,0]\",dif_vec[:,0])\n",
    "        print(\"subtract\",O_record[:,0]-means[i,:])\n",
    "        print(\"dif_vec:trainHMM\",np.shape(dif_vec))\n",
    "        '''\n",
    "        #dif_vec=O_record-means[i,:]\n",
    "        \n",
    "        #print(\"covars shape\",np.shape(covars))\n",
    "        covars[j,:,:]=(1/(total_state_count_list[i]-1))*dif_vec@dif_vec.T\n",
    "\n",
    "    pi=total_state_count_list/np.sum(total_state_count_list)\n",
    "\n",
    "    #pi=0\n",
    "\n",
    "    #raise NotImplementedError\n",
    "    return (A, pi, means, covars)\n",
    "\n",
    "def findPi(S_list, states):\n",
    "  \"\"\"\n",
    "\n",
    "  \"\"\"\n",
    "\n",
    "def countTransitions(S_record,states):\n",
    "  num_states=len(states)\n",
    "  num_transitions_mat=np.zeros((num_states,num_states)) \n",
    "  for i in range(len(S_record)-1):\n",
    "    current_state=int(S_record[i]) #string of current state\n",
    "    next_state=int(S_record[i+1] )#string of next state\n",
    "\n",
    "    num_transitions_mat[current_state,next_state]=num_transitions_mat[current_state,next_state]+1 \n",
    "\n",
    "  \n",
    "  return num_transitions_mat\n",
    "\n",
    "\n",
    "\n",
    "\n",
    "\n",
    "\n",
    "def countNumStates(S_list,states):\n",
    "  state_count =np.zeros(len(states)) #keeps count of how many times a state appears\n",
    "  for i in range(len(S_list)):\n",
    "    current_state=int(S_list[i] )\n",
    "    state_count[current_state]=state_count[current_state]+1\n",
    "  return state_count\n",
    "\n",
    "\n",
    "def countObservations(O_record,S_record,states):\n",
    "  \"\"\"\n",
    "  \"\"\"\n",
    "  #TODO O RECORDSAND S RECORDS ARE NOT THE SAME LENGTH, NEED TO FIX\n",
    "  sum_observations = np.zeros((len(states),np.shape(O_record)[0])) #summed observation for each state\n",
    "  print(\"O_record:countObervsations\",np.shape(O_record))\n",
    "  print(\"S_record:countObervsations\",np.shape(S_record))\n",
    "  for i in range(len(S_record)):\n",
    "    current_state=int(S_record[i])#current state\n",
    "    current_observation=O_record[:,i]\n",
    "    sum_observations[current_state,:]=sum_observations[current_state,:]+current_observation #add current observation to running count\n",
    "  return sum_observations\n",
    "\n",
    "\n",
    "\n",
    "\n",
    "\"\"\"\n",
    "def generateCovariances(O_list,states,means,state_count):\n",
    "  state_names,stateStr2id=getStateMapping(states)\n",
    "  obs_size=np.shape(O_list)[1]\n",
    "  #state_count =countNumStates(S_list,states) #keeps count of how many times a state appears\n",
    "  variances = np.zeros((len(states),obs_size,obs_size))#variances for each state\n",
    "\n",
    "  \n",
    "\n",
    "  for i in range(len(states)):\n",
    "    dif_vector = O_list-means[i] #subtract the average observation of state i from all of the observations over time\n",
    "    variances[i,:,:]=(1/(state_count[i]-1))*np.sum(dif_vector@dif_vector.T)\n",
    "\n",
    "  return variances\n",
    "\"\"\"\n",
    "\n"
   ]
  },
  {
   "cell_type": "markdown",
   "id": "52e758ac-d4ac-43da-bb90-a53c413f68dd",
   "metadata": {},
   "source": [
    "Use the functions defined above to train an HMM model on the train1.labels file (only).  For grading purposes, please print out the following variables (and make sure your submitted notebook is showing the values): \n",
    "- the state transition probability matrix A\n",
    "- the means for all six states\n",
    "- the covariance matrix for 'sil'"
   ]
  },
  {
   "cell_type": "code",
   "execution_count": 89,
   "id": "70615059-14a1-458b-9c2a-bfb7a88d9e2a",
   "metadata": {},
   "outputs": [
    {
     "name": "stdout",
     "output_type": "stream",
     "text": [
      "O_record:countObervsations (20, 960)\n",
      "S_record:countObervsations (958,)\n"
     ]
    }
   ],
   "source": [
    "### INSERT AS MANY CELLS AS NEEDED BELOW ###\n",
    "## RAFAEL \n",
    "audiofile = Path(AUDIO_DIR, \"train1.mp3\")\n",
    "labelfile = Path(ANNOT_DIR, \"train1.labels\")\n",
    "\n",
    "train1_obs, hop = computeFeatures(audiofile = audiofile) # compute observations and hop size from audio file\n",
    "\n",
    "states, stateStr2id = getStateMapping() # retrieve list of possible states and mapping between string and integer state representation\n",
    "\n",
    "train1_states = getStatesFromLabelFile(labelfile = labelfile, hopsize = hop, str2id = stateStr2id) # generate state list for audio file from strong labels\n",
    "\n",
    "O_list=np.array([train1_obs])\n",
    "S_list=np.array([train1_states])\n",
    "\n",
    "(A, pi, means, covars)=trainHMM(O_list, S_list, states)"
   ]
  },
  {
   "cell_type": "markdown",
   "id": "6af74e81-44c4-45a1-9a71-c394c15fc49d",
   "metadata": {},
   "source": [
    "**Graded**: Print out A below"
   ]
  },
  {
   "cell_type": "code",
   "execution_count": 90,
   "id": "e83910bd-20ea-40c3-bfeb-201ec015cb9f",
   "metadata": {},
   "outputs": [
    {
     "data": {
      "text/plain": [
       "array([[0.97650131, 0.01305483, 0.        , 0.        , 0.01044386,\n",
       "        0.        ],\n",
       "       [0.        , 0.95419847, 0.04580153, 0.        , 0.        ,\n",
       "        0.        ],\n",
       "       [0.        , 0.        , 0.95419847, 0.04580153, 0.        ,\n",
       "        0.        ],\n",
       "       [0.03846154, 0.00769231, 0.        , 0.95384615, 0.        ,\n",
       "        0.        ],\n",
       "       [0.        , 0.        , 0.        , 0.        , 0.95652174,\n",
       "        0.04347826],\n",
       "       [0.04444444, 0.        , 0.        , 0.        , 0.        ,\n",
       "        0.95555556]])"
      ]
     },
     "execution_count": 90,
     "metadata": {},
     "output_type": "execute_result"
    }
   ],
   "source": [
    "A"
   ]
  },
  {
   "cell_type": "markdown",
   "id": "c5f250db-3945-4c92-8a8d-ea8145fd4eca",
   "metadata": {},
   "source": [
    "**Graded**: Print out the state distribution means below"
   ]
  },
  {
   "cell_type": "code",
   "execution_count": 91,
   "id": "18e3b0e9-1db7-4917-8b12-08c21185ef7e",
   "metadata": {},
   "outputs": [
    {
     "data": {
      "text/plain": [
       "array([[-4.00068771e+02,  9.07281810e+01,  2.27610435e+01,\n",
       "         2.27935202e+01,  1.25259131e+01,  1.63838478e+01,\n",
       "         9.15470873e+00,  1.07835290e+01,  5.56201792e+00,\n",
       "         1.07996634e+01,  4.61305193e+00,  6.39504215e+00,\n",
       "         1.67721755e+00,  2.90329359e+00, -1.65897524e+00,\n",
       "         2.36835092e+00,  6.73740011e-01,  3.56804727e+00,\n",
       "        -1.29386506e+00,  3.87393941e+00],\n",
       "       [-2.35154457e+02,  8.15141005e+01, -1.01412327e+01,\n",
       "         4.33034525e+01,  7.34262728e+00, -2.19423592e+01,\n",
       "         1.40825508e+01,  6.90334773e-01, -2.57736562e+00,\n",
       "         9.72487043e+00, -6.22558625e+00,  1.25156842e+01,\n",
       "        -3.68433266e+00, -1.19449810e+01, -1.80965153e+00,\n",
       "        -1.61406514e+00, -9.54488081e-01,  5.18779683e+00,\n",
       "        -3.60673433e+00, -1.42947933e+00],\n",
       "       [-2.25258321e+02,  1.53658334e+01,  3.10831814e+01,\n",
       "        -2.98850778e+00,  1.31041979e+01,  1.05136127e+01,\n",
       "         1.51622955e+00,  1.80121328e+01,  2.50224520e+00,\n",
       "         1.76327167e+01, -4.48647688e+00,  8.27659895e+00,\n",
       "        -2.84214464e+00, -6.01030817e+00, -1.01880093e+01,\n",
       "         2.50178555e+00,  1.76437284e+00,  4.33656831e+00,\n",
       "        -3.20493141e+00, -1.60693727e+00],\n",
       "       [-2.71688566e+02, -2.05526701e+01,  6.43049367e+01,\n",
       "        -3.21588612e+00,  1.52305825e+01,  3.20826281e+01,\n",
       "        -6.89017233e+00,  2.49158513e+01, -9.11964072e+00,\n",
       "         1.52352873e+01,  1.73702911e+00,  9.83694091e+00,\n",
       "         3.72526909e+00,  6.54099871e-01, -7.29436659e+00,\n",
       "         6.03654303e+00,  1.18576955e+00,  3.51196315e+00,\n",
       "        -3.33600766e+00,  4.77457367e+00],\n",
       "       [-2.67121070e+02,  1.03723497e+02, -1.29544716e+01,\n",
       "         3.22081574e+01,  1.91777180e+01, -9.35291582e+00,\n",
       "         8.97545973e+00,  3.59180328e-01, -3.34171627e+00,\n",
       "         1.38551576e+01, -8.29984869e+00,  1.01052337e+01,\n",
       "         1.06743248e+00, -7.60723719e+00, -9.74901722e+00,\n",
       "        -1.72546715e+00, -3.64430235e-01, -7.64088570e-01,\n",
       "        -9.59976882e+00,  3.90922101e-02],\n",
       "       [-2.65738649e+02,  1.35674413e+02, -2.03746548e+01,\n",
       "         5.47237601e+00, -2.05805167e+01,  1.26695926e+00,\n",
       "         2.53285883e+01, -1.83270671e+00, -7.20050570e+00,\n",
       "         1.90094474e+01,  6.85604801e+00,  5.75607934e+00,\n",
       "        -1.78676970e+00, -9.35901288e+00, -1.39169426e+01,\n",
       "        -4.99483024e+00,  4.65617652e+00, -7.36058653e-01,\n",
       "        -2.19963096e+00,  4.05119346e+00]])"
      ]
     },
     "execution_count": 91,
     "metadata": {},
     "output_type": "execute_result"
    }
   ],
   "source": [
    "means"
   ]
  },
  {
   "cell_type": "markdown",
   "id": "f209f330-b8fb-4693-9edb-148e8c396447",
   "metadata": {},
   "source": [
    "**Graded**: Print out the covariance matrix for 'sil' below"
   ]
  },
  {
   "cell_type": "code",
   "execution_count": 92,
   "id": "8bccf546-7fb0-44a3-bf50-42cf09e0e893",
   "metadata": {},
   "outputs": [
    {
     "data": {
      "text/plain": [
       "array([[ 1.33314807e+05,  1.43690123e+04, -4.00505586e+04,\n",
       "        -8.52058751e+03, -1.78578414e+04, -1.76464437e+04,\n",
       "         8.82511995e+03, -9.19332200e+03, -8.50364240e+03,\n",
       "         6.79188460e+03,  1.95713689e+02,  1.71322737e+03,\n",
       "        -3.08742080e+03, -1.01047185e+04, -7.49487350e+03,\n",
       "        -4.64177592e+03,  3.04256367e+03, -1.34849140e+03,\n",
       "        -5.85243090e+02, -4.76720734e+02],\n",
       "       [ 1.43690123e+04,  8.48018252e+04, -4.66171971e+04,\n",
       "        -2.20743579e+03, -2.53854776e+04, -1.10269392e+04,\n",
       "         1.72626342e+04, -1.33116445e+04, -2.28998860e+03,\n",
       "         3.30515960e+03,  5.58914846e+03, -3.11868378e+03,\n",
       "        -1.68392752e+03, -6.26896321e+03, -5.27132717e+03,\n",
       "        -6.10281798e+03,  2.80838709e+03, -2.97552310e+03,\n",
       "         8.41416341e+02,  1.09302221e+03],\n",
       "       [-4.00505586e+04, -4.66171971e+04,  3.86798472e+04,\n",
       "         8.78283366e+02,  1.55968169e+04,  1.14357326e+04,\n",
       "        -1.05484748e+04,  9.10297240e+03,  1.82186155e+03,\n",
       "        -3.28726860e+03, -3.02037585e+03,  1.00480186e+03,\n",
       "         1.59981882e+03,  5.83110615e+03,  3.56455722e+03,\n",
       "         3.97395573e+03, -2.24361648e+03,  1.21231579e+03,\n",
       "        -5.26348797e+02, -3.18616448e+02],\n",
       "       [-8.52058751e+03, -2.20743579e+03,  8.78283366e+02,\n",
       "         6.60212010e+03,  4.22906707e+03, -2.10473332e+03,\n",
       "        -1.21694945e+03,  6.50259073e+01,  1.37829023e+03,\n",
       "        -1.52530464e+03, -1.39814426e+03,  5.93168677e+02,\n",
       "        -1.02836380e+01,  4.57960921e+02,  1.75132869e+03,\n",
       "         5.73979298e+02, -7.34826231e+02,  6.06763950e+02,\n",
       "        -2.32408222e+02, -4.16070640e+02],\n",
       "       [-1.78578414e+04, -2.53854776e+04,  1.55968169e+04,\n",
       "         4.22906707e+03,  1.21241863e+04,  3.26683501e+03,\n",
       "        -6.67118817e+03,  4.58941715e+03,  2.43828018e+03,\n",
       "        -2.20323095e+03, -2.49269764e+03,  8.99833127e+02,\n",
       "         8.57449272e+02,  2.56019830e+03,  3.02538576e+03,\n",
       "         2.41459029e+03, -1.37452449e+03,  1.30342514e+03,\n",
       "        -4.12087066e+02, -6.27759861e+02],\n",
       "       [-1.76464437e+04, -1.10269392e+04,  1.14357326e+04,\n",
       "        -2.10473332e+03,  3.26683501e+03,  6.25367905e+03,\n",
       "        -2.68019009e+03,  3.04890537e+03,  7.00697591e+02,\n",
       "        -5.89708078e+02,  2.27480030e+02, -4.19091083e+02,\n",
       "         6.01145635e+02,  1.97309913e+03,  7.35238582e+02,\n",
       "         1.10468384e+03, -3.53561945e+02,  2.11278147e+02,\n",
       "         1.09945018e+02,  2.36160916e+02],\n",
       "       [ 8.82511995e+03,  1.72626342e+04, -1.05484748e+04,\n",
       "        -1.21694945e+03, -6.67118817e+03, -2.68019009e+03,\n",
       "         4.78471316e+03, -3.21385855e+03, -1.37901229e+03,\n",
       "         1.13079451e+03,  1.24161987e+03, -5.08545817e+02,\n",
       "        -6.37910903e+02, -1.52932452e+03, -1.59896836e+03,\n",
       "        -1.55365627e+03,  7.69777108e+02, -7.12460681e+02,\n",
       "         2.58023977e+02,  2.12344579e+02],\n",
       "       [-9.19332200e+03, -1.33116445e+04,  9.10297240e+03,\n",
       "         6.50259073e+01,  4.58941715e+03,  3.04890537e+03,\n",
       "        -3.21385855e+03,  3.10916541e+03,  1.05505665e+03,\n",
       "        -8.45064012e+02, -7.14156318e+02,  1.64340278e+02,\n",
       "         5.95014502e+02,  1.32603536e+03,  1.03238673e+03,\n",
       "         1.22701516e+03, -5.78026638e+02,  5.44625584e+02,\n",
       "        -1.04331761e+02, -1.05645668e+02],\n",
       "       [-8.50364240e+03, -2.28998860e+03,  1.82186155e+03,\n",
       "         1.37829023e+03,  2.43828018e+03,  7.00697591e+02,\n",
       "        -1.37901229e+03,  1.05505665e+03,  2.07537198e+03,\n",
       "        -5.17718328e+02, -3.13989702e+02, -1.29357302e+02,\n",
       "         1.74263048e+02,  4.97534517e+02,  9.59171454e+02,\n",
       "         4.29822478e+02, -2.83379311e+02,  4.09329719e+02,\n",
       "         6.88471029e+01, -1.72987433e+02],\n",
       "       [ 6.79188460e+03,  3.30515960e+03, -3.28726860e+03,\n",
       "        -1.52530464e+03, -2.20323095e+03, -5.89708078e+02,\n",
       "         1.13079451e+03, -8.45064012e+02, -5.17718328e+02,\n",
       "         1.12654150e+03,  5.53022643e+02, -1.56125512e+02,\n",
       "        -2.92041398e+02, -6.11706115e+02, -6.91900258e+02,\n",
       "        -5.52826472e+02,  3.32565558e+02, -2.30505415e+02,\n",
       "         9.03359106e+01,  6.85467131e+01],\n",
       "       [ 1.95713689e+02,  5.58914846e+03, -3.02037585e+03,\n",
       "        -1.39814426e+03, -2.49269764e+03,  2.27480030e+02,\n",
       "         1.24161987e+03, -7.14156318e+02, -3.13989702e+02,\n",
       "         5.53022643e+02,  1.38506374e+03, -2.86871760e+02,\n",
       "        -1.78621942e+01, -3.04958953e+02, -5.82551358e+02,\n",
       "        -3.65777549e+02,  3.38955174e+02, -2.27049808e+02,\n",
       "         2.40622362e+02,  3.33695968e+02],\n",
       "       [ 1.71322737e+03, -3.11868378e+03,  1.00480186e+03,\n",
       "         5.93168677e+02,  8.99833127e+02, -4.19091083e+02,\n",
       "        -5.08545817e+02,  1.64340278e+02, -1.29357302e+02,\n",
       "        -1.56125512e+02, -2.86871760e+02,  6.78887521e+02,\n",
       "         3.47692352e+00,  1.87185659e+02,  1.91796446e+02,\n",
       "         1.74431109e+02, -1.01730253e+02,  7.86512916e+01,\n",
       "        -9.67307945e+01, -1.07621057e+02],\n",
       "       [-3.08742080e+03, -1.68392752e+03,  1.59981882e+03,\n",
       "        -1.02836380e+01,  8.57449272e+02,  6.01145635e+02,\n",
       "        -6.37910903e+02,  5.95014502e+02,  1.74263048e+02,\n",
       "        -2.92041398e+02, -1.78621942e+01,  3.47692352e+00,\n",
       "         6.96462146e+02,  3.15422134e+02,  1.61750613e+02,\n",
       "         2.38153073e+02, -1.63033521e+02,  5.90128482e+01,\n",
       "        -3.90982204e+01,  1.06138296e+02],\n",
       "       [-1.01047185e+04, -6.26896321e+03,  5.83110615e+03,\n",
       "         4.57960921e+02,  2.56019830e+03,  1.97309913e+03,\n",
       "        -1.52932452e+03,  1.32603536e+03,  4.97534517e+02,\n",
       "        -6.11706115e+02, -3.04958953e+02,  1.87185659e+02,\n",
       "         3.15422134e+02,  1.60691930e+03,  7.78901916e+02,\n",
       "         7.02430163e+02, -3.49110421e+02,  1.58889373e+02,\n",
       "         4.92741945e+01, -2.42291934e+01],\n",
